52 5 1 3 3 0 46 0 50 3 17
52 5 1 3 3 0 46 0 50 3 1 89
52 5 1 3 3 0 46 0 50 3 1 2 66
52 5 1 3 3 0 46 0 50 3 1 2 5 22
52 5 1 3 3 0 46 0 50 3 1 2 5 3 74
52 5 1 3 3 0 46 0 50 3 1 2 5 3 19 87
52 5 1 3 3 0 46 0 50 3 1 2 5 3 19 34 11
52 5 1 3 3 0 46 0 50 3 1 2 5 3 19 34 11 55
52 5 1 3 3 0 46 0 50 3 1 2 5 3 19 34 11 92 67
52 5 1 3 3 0 46 0 50 3 1 2 5 3 19 34 11 56 79 28 64
52 5 1 3 3 0 46 0 50 3 1 2 5 3 19 34 11 56 79 28 64 78
52 5 1 3 3 0 46 0 50 3 1 2 5 3 19 34 11 56 79 28 64 78 12
52 5 1 3 3 0 46 0 50 3 1 2 5 3 19 34 11 56 79 28 64 78 12 80
52 5 1 3 3 0 46 0 50 3 1 2 5 3 19 34 11 56 79 28 64 78 12 80 45
52 5 1 3 3 0 46 0 50 3 1 2 5 3 19 34 11 56 79 28 64 78 12 80 45 90
52 5 1 3 3 0 46 0 50 3 1 2 5 3 19 34 11 56 79 28 64 78 12 80 45 90 59
52 5 1 3 3 0 46 0 50 3 1 2 5 3 19 34 11 56 79 28 64 78 12 80 45 90 59 21
52 5 1 3 3 0 46 0 50 3 1 2 5 3 19 34 11 56 79 28 64 78 12 80 45 90 59 21 88
52 5 1 3 3 0 46 0 50 3 1 2 5 3 19 34 11 56 79 28 64 78 12 80 45 90 59 21 88 76
52 5 1 3 3 0 46 0 50 3 1 2 5 3 19 34 11 56 79 28 64 78 12 80 45 90 59 21 88 76 33
52 5 1 3 3 0 46 0 50 3 1 2 5 3 19 34 11 56 79 28 64 78 12 80 45 90 59 21 88 76 33 51
52 5 1 3 3 0 46 0 50 3 1 2 5 3 19 34 11 56 79 28 64 78 12 80 45 90 59 21 88 76 33 51 99
52 5 1 3 3 0 46 0 50 3 1 2 5 3 19 34 11 56 79 28 64 78 12 80 45 90 59 21 88 76 33 51 99 44
52 5 1 3 3 0 46 0 50 3 1 2 5 3 19 34 11 56 79 28 64 78 12 80 45 90 59 21 88 76 33 51 99 44 32
52 5 1 3 3 0 46 0 50 3 1 2 5 3 19 34 11 56 79 28 64 78 12 80 45 90 59 21 88 76 33 51 99 44 32 71
52 5 1 3 3 0 46 0 50 3 1 2 5 3 19 34 11 56 79 28 64 78 12 80 45 90 59 21 88 76 33 51 99 44 32 71 54
52 5 1 3 3 0 46 0 50 3 1 2 5 3 19 34 11 56 79 28 64 78 12 80 45 90 59 21 88 76 33 51 99 44 32 71 54